2025-08-30 17:10:41.698 :  ** INFO: Logfile Path Set: /Users/philekins/Documents/Evolve/GitRepos/mva-data-collection/Export/083025171041/Log/MVA_Log_083025171041.log
2025-08-30 17:10:41.750 :  ** INFO: MVA Data Collection Script - Version : 1.0.8
2025-08-30 17:10:42.162 :  ** INFO: Parameter - CollectConnectionsOnly: False
2025-08-30 17:10:42.214 :  ** INFO: Parameter - ExportDacPacs: False
2025-08-30 17:10:42.265 :  ** INFO: Parameter - CollectCloudWatchData: False
2025-08-30 17:10:42.317 :  ** INFO: Parameter - CollectTsqlData: False
2025-08-30 17:10:42.370 :  ** INFO: Parameter - CleanUpEnvironment: False
2025-08-30 17:10:42.423 :  ** INFO: Parameter - SqlServerConnectionTimeout: 300
2025-08-30 17:10:42.477 :  ** INFO: Parameter - SqlServerQueryTimeout: 5
2025-08-30 17:10:42.530 :  ** INFO: Parameter - CloudWatchCollectionPeriod: 30
2025-08-30 17:10:42.583 :  ** INFO: Parameter - IncludeAllMsgs: True
2025-08-30 17:10:42.636 :  ** INFO: Parameter - ValidateResourcesOnly: True
2025-08-30 17:10:42.690 :  ** INFO: Parameter - AWSProfile: 
2025-08-30 17:10:42.743 :  ** INFO: Parameter - UseSSOLogin: False
2025-08-30 17:10:42.797 :  ** INFO: Parameter - SqlUser: admin
2025-08-30 17:10:42.851 :  ** INFO: Parameter - SqlPassword: *********
2025-08-30 17:10:42.904 :  ** INFO: Parameter - ExportPath: 
2025-08-30 17:10:42.955 :  ** INFO: Parameter - FileNameDelimiter: ~~~~
2025-08-30 17:10:43.007 :  ** INFO: Parameter - DebugMode: False
2025-08-30 17:10:43.286 :  ** INFO: AWS CLI v2.x Detected: Version aws-cli/2.28.21 Python/3.13.7 Darwin/24.6.0 source/arm64
2025-08-30 17:10:45.246 :  ** INFO: PS Version: 7.5.2
2025-08-30 17:10:50.366 :  ** INFO: PS Module AWS.Tools.Common Found: Version 5.0.45
2025-08-30 17:10:58.047 :  ** INFO: PS Module AWSPowerShell Missing
2025-08-30 17:11:03.157 :  ** INFO: PS Module AWSPowerShell.NetCore Found: Version 5.0.29
2025-08-30 17:11:03.209 :  ** INFO: ValidateResourcesOnly Selected : Disabling all other collections
2025-08-30 17:11:05.470 :  ** ERROR: Call to Get-EC2Region -RegionName us-east-2 had errors : The term 'Get-EC2Region' is not recognized as a name of a cmdlet, function, script file, or executable program.
Check the spelling of the name, or if a path was included, verify that the path is correct and try again.
2025-08-30 17:11:05.522 :  ** ERROR: Region(s) Validation Failed
2025-08-30 17:11:05.573 :  ** ERROR: Errors were detected! Data Collection is Incomplete.
2025-08-30 17:11:05.625 :  ** ERROR: Please send Error Log file /Users/philekins/Documents/Evolve/GitRepos/mva-data-collection/Export/083025171041/Log/MVA_Log_083025171041.log to mva@evolvecloudservices.com
2025-08-30 17:11:05.678 :  ** INFO: ***********************************END OF LOGS ************************************* 
2025-08-30 17:11:05.731 :  The term 'Get-EC2Region' is not recognized as a name of a cmdlet, function, script file, or executable program.
Check the spelling of the name, or if a path was included, verify that the path is correct and try again. No match was found for the specified search criteria and module names 'AWSPowerShell'.
2025-08-30 17:12:29.692 :  ** INFO: Setting Script Path: /Users/philekins/Documents/Evolve/GitRepos/mva-data-collection
