2025-08-30 18:04:39.486 :  ** INFO: Logfile Path Set: /Users/philekins/Documents/Evolve/GitRepos/mva-data-collection/Export/083025180439/Log/MVA_Log_083025180439.log
2025-08-30 18:04:39.538 :  ** INFO: MVA Data Collection Script - Version : 1.0.8
2025-08-30 18:04:39.904 :  ** INFO: Parameter - CollectConnectionsOnly: False
2025-08-30 18:04:39.969 :  ** INFO: Parameter - ExportDacPacs: False
2025-08-30 18:04:40.020 :  ** INFO: Parameter - CollectCloudWatchData: False
2025-08-30 18:04:40.072 :  ** INFO: Parameter - CollectTsqlData: False
2025-08-30 18:04:40.124 :  ** INFO: Parameter - CleanUpEnvironment: False
2025-08-30 18:04:40.178 :  ** INFO: Parameter - SqlServerConnectionTimeout: 300
2025-08-30 18:04:40.231 :  ** INFO: Parameter - SqlServerQueryTimeout: 5
2025-08-30 18:04:40.285 :  ** INFO: Parameter - CloudWatchCollectionPeriod: 30
2025-08-30 18:04:40.338 :  ** INFO: Parameter - IncludeAllMsgs: True
2025-08-30 18:04:40.391 :  ** INFO: Parameter - ValidateResourcesOnly: True
2025-08-30 18:04:40.444 :  ** INFO: Parameter - AWSProfile: evolve
2025-08-30 18:04:40.497 :  ** INFO: Parameter - UseSSOLogin: False
2025-08-30 18:04:40.549 :  ** INFO: Parameter - SqlUser: admin
2025-08-30 18:04:40.602 :  ** INFO: Parameter - SqlPassword: *********
2025-08-30 18:04:40.656 :  ** INFO: Parameter - ExportPath: 
2025-08-30 18:04:40.709 :  ** INFO: Parameter - FileNameDelimiter: ~~~~
2025-08-30 18:04:40.761 :  ** INFO: Parameter - DebugMode: False
2025-08-30 18:04:41.131 :  ** INFO: AWS CLI v2.x Detected: Version aws-cli/2.28.21 Python/3.13.7 Darwin/24.6.0 source/arm64
2025-08-30 18:04:42.912 :  ** INFO: PS Version: 7.5.2
2025-08-30 18:04:42.978 :  ** ERROR: PS Module AWS.Tools.Common Missing
2025-08-30 18:04:43.045 :  ** INFO: PS Module AWSPowerShell Missing
2025-08-30 18:04:43.115 :  ** INFO: PS Module AWSPowerShell.NetCore Found: Version 5.0.29
2025-08-30 18:04:43.167 :  ** INFO: ValidateResourcesOnly Selected : Disabling all other collections
2025-08-30 18:04:43.219 :  ** INFO: Profile evolve Supplied: Validating
2025-08-30 18:04:43.279 :  ** ERROR: Unable to Validate Profile : evolve : The term 'Get-STSCallerIdentity' is not recognized as a name of a cmdlet, function, script file, or executable program.
Check the spelling of the name, or if a path was included, verify that the path is correct and try again.
2025-08-30 18:04:43.333 :  ** ERROR: Errors were detected! Data Collection is Incomplete.
2025-08-30 18:04:43.385 :  ** ERROR: Please send Error Log file /Users/philekins/Documents/Evolve/GitRepos/mva-data-collection/Export/083025180439/Log/MVA_Log_083025180439.log to mva@evolvecloudservices.com
2025-08-30 18:04:43.437 :  ** INFO: ***********************************END OF LOGS ************************************* 
2025-08-30 18:04:43.490 :  The term 'Get-STSCallerIdentity' is not recognized as a name of a cmdlet, function, script file, or executable program.
Check the spelling of the name, or if a path was included, verify that the path is correct and try again. No match was found for the specified search criteria and module names 'AWSPowerShell'. No match was found for the specified search criteria and module names 'AWS.Tools.Common'.
2025-08-30 18:08:47.034 :  ** INFO: Setting Script Path: /Users/philekins/Documents/Evolve/GitRepos/mva-data-collection
