2025-08-30 17:09:35.029 :  ** INFO: Logfile Path Set: /Users/philekins/Documents/Evolve/GitRepos/mva-data-collection/Export/083025170935/Log/MVA_Log_083025170935.log
2025-08-30 17:09:35.081 :  ** INFO: MVA Data Collection Script - Version : 1.0.8
2025-08-30 17:09:35.414 :  ** INFO: Parameter - CollectConnectionsOnly: False
2025-08-30 17:09:35.465 :  ** INFO: Parameter - ExportDacPacs: False
2025-08-30 17:09:35.518 :  ** INFO: Parameter - CollectCloudWatchData: False
2025-08-30 17:09:35.570 :  ** INFO: Parameter - CollectTsqlData: False
2025-08-30 17:09:35.623 :  ** INFO: Parameter - CleanUpEnvironment: False
2025-08-30 17:09:35.676 :  ** INFO: Parameter - SqlServerConnectionTimeout: 300
2025-08-30 17:09:35.729 :  ** INFO: Parameter - SqlServerQueryTimeout: 5
2025-08-30 17:09:35.783 :  ** INFO: Parameter - CloudWatchCollectionPeriod: 30
2025-08-30 17:09:35.837 :  ** INFO: Parameter - IncludeAllMsgs: True
2025-08-30 17:09:35.891 :  ** INFO: Parameter - ValidateResourcesOnly: True
2025-08-30 17:09:35.944 :  ** INFO: Parameter - AWSProfile: 
2025-08-30 17:09:36.003 :  ** INFO: Parameter - UseSSOLogin: False
2025-08-30 17:09:36.056 :  ** INFO: Parameter - SqlUser: admin
2025-08-30 17:09:36.109 :  ** INFO: Parameter - SqlPassword: *********
2025-08-30 17:09:36.162 :  ** INFO: Parameter - ExportPath: 
2025-08-30 17:09:36.215 :  ** INFO: Parameter - FileNameDelimiter: ~~~~
2025-08-30 17:09:36.266 :  ** INFO: Parameter - DebugMode: False
2025-08-30 17:09:36.536 :  ** INFO: AWS CLI v2.x Detected: Version aws-cli/2.28.21 Python/3.13.7 Darwin/24.6.0 source/arm64
2025-08-30 17:09:36.588 :  ** INFO: PS Version: 7.5.2
2025-08-30 17:09:36.660 :  ** ERROR: PS Module AWS.Tools.Common Missing
2025-08-30 17:10:10.017 :  ** INFO: Setting Script Path: /Users/philekins/Documents/Evolve/GitRepos/mva-data-collection
